229465 3100 -1
229466 3200 -1
229467 3300 -1
229468 3400 -1
229469 3500 -1
229470 3600 -1
229472 3800 -1
229473 4000 -1
229474 4250 -1
229475 4500 -1
229476 4650 1.0
229478 4650 1.0
229482 4650 1.0
229484 4900 -1
229485 5200 -1
229486 5400 -1
229487 5600 -1
229488 5800 -1
229490 6000 -1

229491 6181 -1
229494 6500 -1
229495 6800 -1
229496 7074 -1

229499 7300 -1
229500 7600 -1
229501 7900 -1
229502 8200 -1
229506 8800 -1
229507 9200 -1
229509 9500 2.0

229531 10000 -1
229532 10250 -1
229533 10500 -1
229534 10750 -1
229537 11000 -1
229538 11500 2.4

229539 11250 -1
229540 11000 -1
229541 10500 -1
229542 10000 -1
229543 9500 -1

229552 10000 -1
229555 11000 -1
229561 12000 -1
229564 13000 -1
229570 14000 -1
229574 14340 3.0
229577 14376 -1
229582 15241 -1
229591 16000 -1
229598 16730 3.5
229605 17468 3.65
229613 18164 3.8






